Sensitivity = 100.000000
Threshold = 512
Deadzone = 0
Left = 1
Right = 2
Middle = 3
Reload = 0
Calibration = 0
Cursor = 0
GUID = \\?\HID#VID_2341&PID_8043&MI_02&Col03#7&1948a9f2&0&0002#{378de44c-56ef-11d1-bc8c-00a0c91405dd}
Lightgun_left = 1
Lightgun_top = 1
Lightgun_right = 65534
Lightgun_bottom = 65534
Model = 0
Alignment = 12
Aiming scale X = 100.000000
Aiming scale Y = 100.000000
Aiming profile = time_crisis2
Aux 1 = -1
Aux 2 = 17
Wheel up = 17
Wheel down = 17
Keyboard D-pad = 1
Start hotkey = 1
